Homography-https://youtu.be/yJWAtr3kvPU?si=fqEfmDHAot9KP68o

LC 001 - resized
src1= [[455, 577], [32, 493], [705, 379], [178, 394], [224, 364]]
dst1= [[177, 338], [100, 315], [248, 250], [110, 254], [111, 227]]

LC0011 - original
src1=[[71, 773], [1128, 788], [1225, 786], [215, 605], [996, 390], [273, 353], [638, 416], [788, 465], [478, 453]]
dst1=[[119, 309], [230, 307], [252, 296], [111, 252], [303, 47], [24, 42], [162, 43], [225, 110], [122, 110]]

LC0014 - original
src1=[[211, 793], [41, 803], [114, 694], [861, 630], [167, 617], [202, 565], [229, 525]]
dst1=[[248, 279], [229, 281], [229, 252], [304, 250], [225, 225], [230, 197], [225, 168]]

LC0015 -original
src1=[[43, 746], [1082, 751], [138, 683], [1008, 688], [130, 518], [982, 522]]
dst1=[[249, 210], [108, 211], [249, 239], [110, 244], [310, 413], [48, 430]]

LC0016 - original
src1=[[5, 753], [1205, 747], [366, 452], [872, 462], [631, 463], [331, 565], [920, 571], [472, 465], [788, 470], [636, 640], [630, 492]]
dst1=[[245, 129], [113, 124], [311, 414], [45, 430], [178, 424], [250, 209], [109, 211], [256, 407], [100, 416], [168, 153], [174, 266]]

LC0017 - original
src1=[[829, 864], [831, 683], [26, 683], [74, 597], [137, 513], [211, 688], [599, 133]]
dst1=[[59, 348], [56, 316], [122, 300], [119, 283], [120, 254], [109, 269], [21, 42]]

LC302_1
src1=[[170, 269], [313, 284], [470, 273], [657, 256], [98, 688], [468, 690], [1238, 690], [1021, 284], [1234, 167], [1121, 82], [1052, 49], [424, 44], [617, 96], [1034, 51], [917, 27], [981, 41], [1035, 63], [922, 43], [1270, 254], [1206, 241], [1120, 227]]
dst1=[[115, 44], [125, 96], [123, 132], [123, 179], [45, 83], [51, 138], [47, 227], [122, 240], [179, 421], [265, 417], [304, 414], [239, 56], [207, 169], [252, 324], [248, 266], [252, 293], [229, 317], [229, 268], [121, 329], [120, 300], [122, 273]]

LC302_2
src1=[[312, 491], [237, 438], [394, 353], [322, 317], [478, 241], [403, 218], [466, 152], [33, 278], [57, 224], [109, 177], [22, 202], [739, 464], [864, 326], [518, 97], [558, 59], [592, 31], [933, 27], [158, 138], [199, 101], [246, 68], [284, 43]]
dst1=[[257, 338], [230, 340], [252, 308], [229, 310], [246, 279], [227, 280], [228, 253], [122, 313], [110, 283], [110, 253], [51, 255], [296, 308], [301, 280], [226, 224], [226, 196], [225, 169], [305, 115], [110, 228], [110, 197], [110, 169], [110, 142]]

LC302_4
src1=[[638, 375], [428, 446], [228, 509], [88, 559], [341, 563], [581, 493], [874, 431], [884, 322], [1133, 363], [1106, 277], [1378, 311], [1322, 241], [1479, 217], [156, 279], [175, 254], [208, 207], [343, 185], [526, 75], [610, 50], [698, 31]]
dst1=[[227, 194], [227, 225], [229, 251], [228, 281], [247, 222], [245, 195], [244, 169], [226, 169], [243, 140], [225, 139], [247, 115], [224, 113], [223, 84], [120, 345], [101, 346], [57, 348], [110, 285], [54, 228], [53, 198], [54, 169]]
